	sequences per sample	iteration	sample02	sample03
alpha_rarefaction_10_0.txt	10	0	4.0	1.0
alpha_rarefaction_10_1.txt	10	1	1.0	4.0
alpha_rarefaction_10_2.txt	10	2	4.0	1.0
alpha_rarefaction_10_3.txt	10	3	1.0	1.0
alpha_rarefaction_10_4.txt	10	4	2.0	1.0
alpha_rarefaction_10_5.txt	10	5	1.0	7.0
alpha_rarefaction_10_6.txt	10	6	2.0	1.0
alpha_rarefaction_10_7.txt	10	7	2.0	2.0
alpha_rarefaction_10_8.txt	10	8	1.0	1.0
alpha_rarefaction_10_9.txt	10	9	1.0	2.0
alpha_rarefaction_111045_0.txt	111045	0	2503.33333333	2590.75098814
alpha_rarefaction_111045_1.txt	111045	1	2742.02173913	2525.57509158
alpha_rarefaction_111045_2.txt	111045	2	2770.0	2756.51136364
alpha_rarefaction_111045_3.txt	111045	3	2440.76653696	2635.03703704
alpha_rarefaction_111045_4.txt	111045	4	2628.58139535	2652.22519084
alpha_rarefaction_111045_5.txt	111045	5	2448.49011858	2714.30522088
alpha_rarefaction_111045_6.txt	111045	6	2719.82051282	2556.70212766
alpha_rarefaction_111045_7.txt	111045	7	2567.58467742	2669.01185771
alpha_rarefaction_111045_8.txt	111045	8	2396.96934866	2461.0
alpha_rarefaction_111045_9.txt	111045	9	2602.52380952	2520.47080292
alpha_rarefaction_222080_0.txt	222080	0	3196.54874652	3232.89945652
alpha_rarefaction_222080_1.txt	222080	1	3260.37606838	2959.475
alpha_rarefaction_222080_2.txt	222080	2	3259.35588235	3068.39904988
alpha_rarefaction_222080_3.txt	222080	3	3144.59183673	2969.41504854
alpha_rarefaction_222080_4.txt	222080	4	3293.01694915	3121.59390863
alpha_rarefaction_222080_5.txt	222080	5	3313.51226158	3039.55527638
alpha_rarefaction_222080_6.txt	222080	6	3322.00298507	3055.60253165
alpha_rarefaction_222080_7.txt	222080	7	3227.5972973	3288.98319328
alpha_rarefaction_222080_8.txt	222080	8	3127.60857909	2958.14179104
alpha_rarefaction_222080_9.txt	222080	9	3271.07977208	3034.56926952
alpha_rarefaction_333115_0.txt	333115	0	3481.9011236	3470.921875
alpha_rarefaction_333115_1.txt	333115	1	3293.04525862	3376.57630979
alpha_rarefaction_333115_2.txt	333115	2	3466.53125	3389.09803922
alpha_rarefaction_333115_3.txt	333115	3	3454.30681818	3299.46460177
alpha_rarefaction_333115_4.txt	333115	4	3491.73348519	3274.98461538
alpha_rarefaction_333115_5.txt	333115	5	3424.53097345	3517.09706546
alpha_rarefaction_333115_6.txt	333115	6	3635.56351039	3198.6798419
alpha_rarefaction_333115_7.txt	333115	7	3608.63157895	3265.38105263
alpha_rarefaction_333115_8.txt	333115	8	3552.3202765	3283.34304933
alpha_rarefaction_333115_9.txt	333115	9	3371.93952484	3302.26666667
alpha_rarefaction_444150_0.txt	444150	0	3664.3029703	3466.52941176
alpha_rarefaction_444150_1.txt	444150	1	3729.01945525	3569.742
alpha_rarefaction_444150_2.txt	444150	2	3640.01212121	3584.73361522
alpha_rarefaction_444150_3.txt	444150	3	3682.27755102	3372.5483871
alpha_rarefaction_444150_4.txt	444150	4	3679.09146341	3377.4501992
alpha_rarefaction_444150_5.txt	444150	5	3702.02020202	3389.59036145
alpha_rarefaction_444150_6.txt	444150	6	3573.97276265	3422.23484848
alpha_rarefaction_444150_7.txt	444150	7	3511.09859155	3427.80305927
alpha_rarefaction_444150_8.txt	444150	8	3621.11089109	3536.10721248
alpha_rarefaction_444150_9.txt	444150	9	3802.61586639	3652.39511202
alpha_rarefaction_555185_0.txt	555185	0	3695.30769231	3532.92883895
alpha_rarefaction_555185_1.txt	555185	1	3702.56382979	3523.81765835
alpha_rarefaction_555185_2.txt	555185	2	3745.35045872	3720.89772727
alpha_rarefaction_555185_3.txt	555185	3	3770.24817518	3652.61153846
alpha_rarefaction_555185_4.txt	555185	4	3682.47231834	3525.91851852
alpha_rarefaction_555185_5.txt	555185	5	3705.98151571	3602.43074004
alpha_rarefaction_555185_6.txt	555185	6	3834.38129496	3621.2
alpha_rarefaction_555185_7.txt	555185	7	3715.2875	3535.19089317
alpha_rarefaction_555185_8.txt	555185	8	3709.14208633	3560.79206049
alpha_rarefaction_555185_9.txt	555185	9	3808.80952381	3589.76722533
alpha_rarefaction_666220_0.txt	666220	0	3945.57377049	3619.94117647
alpha_rarefaction_666220_1.txt	666220	1	3804.07679466	3708.08348794
alpha_rarefaction_666220_2.txt	666220	2	3841.40526316	3688.65804067
alpha_rarefaction_666220_3.txt	666220	3	3775.62673611	3601.36363636
alpha_rarefaction_666220_4.txt	666220	4	3689.87559809	3566.20430108
alpha_rarefaction_666220_5.txt	666220	5	3733.49263502	3603.18804921
alpha_rarefaction_666220_6.txt	666220	6	3830.06206897	3593.43794326
alpha_rarefaction_666220_7.txt	666220	7	3779.85117057	3573.44483363
alpha_rarefaction_666220_8.txt	666220	8	3793.26264274	3615.10477941
alpha_rarefaction_666220_9.txt	666220	9	3776.51400329	3622.85055351
alpha_rarefaction_777255_0.txt	777255	0	3884.15635739	3616.14130435
alpha_rarefaction_777255_1.txt	777255	1	3816.43661972	3629.21917808
alpha_rarefaction_777255_2.txt	777255	2	3810.16211878	3596.9750416
alpha_rarefaction_777255_3.txt	777255	3	3832.2	3582.775
alpha_rarefaction_777255_4.txt	777255	4	3840.33550489	3598.36019737
alpha_rarefaction_777255_5.txt	777255	5	3814.93290735	3666.16548043
alpha_rarefaction_777255_6.txt	777255	6	3802.58823529	3622.58573854
alpha_rarefaction_777255_7.txt	777255	7	3832.9823435	3644.55691769
alpha_rarefaction_777255_8.txt	777255	8	3858.12324493	3605.90682196
alpha_rarefaction_777255_9.txt	777255	9	3831.53191489	3636.63058419
alpha_rarefaction_888290_0.txt	888290	0	3772.16257669	3686.2408377
alpha_rarefaction_888290_1.txt	888290	1	3825.56170886	3610.07166124
alpha_rarefaction_888290_2.txt	888290	2	3901.40909091	3603.43781942
alpha_rarefaction_888290_3.txt	888290	3	3818.85179407	3592.24170616
alpha_rarefaction_888290_4.txt	888290	4	3885.54307692	3644.38860104
alpha_rarefaction_888290_5.txt	888290	5	3868.39593114	3622.82857143
alpha_rarefaction_888290_6.txt	888290	6	3876.62183544	3643.55389718
alpha_rarefaction_888290_7.txt	888290	7	3862.78492936	3606.54166667
alpha_rarefaction_888290_8.txt	888290	8	3784.12801205	3672.15957447
alpha_rarefaction_888290_9.txt	888290	9	3817.875	3601.15815486
alpha_rarefaction_999325_0.txt	999325	0	3921.67445483	3603.45619835
alpha_rarefaction_999325_1.txt	999325	1	3886.76323988	3573.20689655
alpha_rarefaction_999325_2.txt	999325	2	3909.2507837	3575.63981043
alpha_rarefaction_999325_3.txt	999325	3	3898.19937206	3613.34482759
alpha_rarefaction_999325_4.txt	999325	4	3889.0462963	3645.51677852
alpha_rarefaction_999325_5.txt	999325	5	3930.51226994	3637.00507614
alpha_rarefaction_999325_6.txt	999325	6	3885.23529412	3611.63
alpha_rarefaction_999325_7.txt	999325	7	3856.82317073	3626.44732577
alpha_rarefaction_999325_8.txt	999325	8	3857.68645358	3680.23076923
alpha_rarefaction_999325_9.txt	999325	9	3882.56074766	3576.94063927
alpha_rarefaction_1110360_0.txt	1110360	0	3884.67477204	3616.43021346
alpha_rarefaction_1110360_1.txt	1110360	1	3884.67477204	3635.30114566
alpha_rarefaction_1110360_2.txt	1110360	2	3884.67477204	3562.65806452
alpha_rarefaction_1110360_3.txt	1110360	3	3884.67477204	3627.85538462
alpha_rarefaction_1110360_4.txt	1110360	4	3884.67477204	3617.77684564
alpha_rarefaction_1110360_5.txt	1110360	5	3884.67477204	3645.81208054
alpha_rarefaction_1110360_6.txt	1110360	6	3884.67477204	3616.04777595
alpha_rarefaction_1110360_7.txt	1110360	7	3884.67477204	3562.77496038
alpha_rarefaction_1110360_8.txt	1110360	8	3884.67477204	3596.76079734
alpha_rarefaction_1110360_9.txt	1110360	9	3884.67477204	3631.37876387